HTH_24	48	WP_003872618.1	0.000016	11.5	22	47	43	68	42	69	Winged
HTH_24	48	WP_003872618.1	0.000016	-3.9	32	39	117	124	116	127	Winged
HTH_24	48	WP_003872953.1	0.000023	10.1	19	43	47	71	41	72	Winged
HTH_24	48	WP_003872953.1	0.000023	-1.6	31	42	192	203	191	204	Winged
DUF1870	118	WP_003873387.1	0.000021	11.9	9	52	70	113	67	126	Domain
HTH_24	48	WP_003873725.1	0.000036	9.2	23	48	63	88	60	88	Winged
HTH_24	48	WP_003873725.1	0.000036	-0.4	22	33	205	216	204	219	Winged
HTH_24	48	WP_003874665.1	0.000013	-3.3	19	27	112	120	111	120	Winged
HTH_24	48	WP_003874665.1	0.000013	11.9	9	39	166	194	158	195	Winged
HTH_24	48	WP_003874961.1	0.000016	11.6	18	46	65	93	59	95	Winged
HTH_26	63	WP_003876921.1	0.000033	11.4	10	36	42	67	40	77	Cro/C1-type
HTH_24	48	WP_003877196.1	0.000013	11.1	21	47	49	75	46	76	Winged
HTH_24	48	WP_003878502.1	0.00003	11.1	19	44	42	67	41	71	Winged
