HTH_24	48	253	WP_003872618.1	0.000016	11.5	22	47	43	68	42	69	Winged
HTH_24	48	253	WP_003872618.1	0.000016	-3.9	32	39	117	124	116	127	Winged
HTH_24	48	245	WP_003872953.1	0.000023	10.1	19	43	47	71	41	72	Winged
HTH_24	48	245	WP_003872953.1	0.000023	-1.6	31	42	192	203	191	204	Winged
HTH_24	48	444	WP_003873725.1	0.000036	9.2	23	48	63	88	60	88	Winged
HTH_24	48	444	WP_003873725.1	0.000036	-0.4	22	33	205	216	204	219	Winged
HTH_24	48	221	WP_003874665.1	0.000013	-3.3	19	27	112	120	111	120	Winged
HTH_24	48	221	WP_003874665.1	0.000013	11.9	9	39	166	194	158	195	Winged
HTH_24	48	188	WP_003874961.1	0.000016	11.6	18	46	65	93	59	95	Winged
HTH_24	48	273	WP_003877196.1	0.000013	11.1	21	47	49	75	46	76	Winged
HTH_24	48	121	WP_003878502.1	0.00003	11.1	19	44	42	67	41	71	Winged
