HTH_XRE	56	210	WP_003872175.1	0.000023	10.9	3	30	10	56	8	84	-
HTH_XRE	56	210	WP_003872175.1	0.000023	-2.6	14	24	139	149	138	150	-
HTH_XRE	56	210	WP_003872175.1	0.000023	-3.4	44	53	187	196	185	198	-
HTH_24	48	253	WP_003872618.1	0.000016	11.5	22	47	43	68	42	69	Winged
HTH_24	48	253	WP_003872618.1	0.000016	-3.9	32	39	117	124	116	127	Winged
HTH_24	48	245	WP_003872953.1	0.000023	10.1	19	43	47	71	41	72	Winged
HTH_24	48	245	WP_003872953.1	0.000023	-1.6	31	42	192	203	191	204	Winged
DUF1870	118	134	WP_003873387.1	0.000021	11.9	9	52	70	113	67	126	Domain
HTH_24	48	444	WP_003873725.1	0.000036	9.2	23	48	63	88	60	88	Winged
HTH_24	48	444	WP_003873725.1	0.000036	-0.4	22	33	205	216	204	219	Winged
HTH_XRE	56	334	WP_003874318.1	0.000023	10.5	14	41	21	50	19	65	-
HTH_XRE	56	334	WP_003874318.1	0.000023	-3.6	23	33	231	241	227	242	-
HTH_XRE	56	208	WP_003874585.1	0.000013	12.1	12	31	37	56	27	84	-
HTH_24	48	221	WP_003874665.1	0.000013	-3.3	19	27	112	120	111	120	Winged
HTH_24	48	221	WP_003874665.1	0.000013	11.9	9	39	166	194	158	195	Winged
HTH_24	48	188	WP_003874961.1	0.000016	11.6	18	46	65	93	59	95	Winged
HTH_XRE	56	138	WP_003876169.1	0.00002	10.9	11	32	2	23	2	30	-
HTH_XRE	56	233	WP_003876495.1	0.000013	12.3	6	46	32	73	12	77	-
HTH_26	63	213	WP_003876921.1	0.000033	11.4	10	36	42	67	40	77	Cro/C1-type
HTH_24	48	273	WP_003877196.1	0.000013	11.1	21	47	49	75	46	76	Winged
HTH_XRE	56	225	WP_003877233.1	0.00002	7.3	9	25	26	42	12	56	-
HTH_XRE	56	225	WP_003877233.1	0.00002	2.7	40	54	88	102	80	104	-
HTH_24	48	121	WP_003878502.1	0.00003	11.1	19	44	42	67	41	71	Winged
