HTH_26	63	WP_003872347.1	189	0.00000000000023	37.9	1	60	14	72	14	75	Cro/C1-type
HTH_24	48	WP_003872375.1	193	0.0000023	13.8	17	37	34	54	33	54	Winged
HTH_24	48	WP_003872469.1	148	0.00000000000000000054	55.1	1	48	4	51	4	51	Winged
HTH_24	48	WP_003872548.1	161	0.0000062	13.1	7	47	47	87	43	88	Winged
HTH_26	63	WP_003872666.1	178	0.00000000058	27.2	2	62	5	64	5	65	Cro/C1-type
HTH_24	48	WP_003873049.1	217	0.0000045	13.3	17	43	170	196	159	197	Winged
HTH_24	48	WP_003873176.1	230	0.000000016	18.1	22	47	39	64	35	65	Winged
HTH_26	63	WP_003873388.1	102	0.00000076	17.2	1	46	33	78	33	86	Cro/C1-type
HTH_26	63	WP_003873623.1	86	0.0000011	16.8	9	49	35	74	30	78	Cro/C1-type
HTH_26	63	WP_003873735.1	138	0.0000027	15.3	10	53	34	76	26	82	Cro/C1-type
HTH_24	48	WP_003874237.1	153	0.0000018	14.8	3	46	40	83	38	84	Winged
HTH_24	48	WP_003874304.1	151	0.000000041	20.2	16	48	54	86	51	86	Winged
HTH_24	48	WP_003874513.1	150	0.000000000000068	38.8	1	48	5	52	5	52	Winged
HTH_24	48	WP_003874589.1	158	0.000001	15.8	24	48	52	76	50	76	Winged
HTH_24	48	WP_003874670.1	222	0.00000095	15.8	11	43	160	190	150	191	Winged
HTH_24	48	WP_003874716.1	225	0.0000000075	21.5	17	48	174	205	172	205	Winged
HTH_24	48	WP_003874892.1	150	0.000000000022	28.7	5	48	35	78	32	78	Winged
HTH_26	63	WP_003875201.1	108	0.0000059	14.6	3	58	14	68	12	71	Cro/C1-type
HTH_24	48	WP_003875289.1	295	0.0000037	13.3	16	46	25	55	15	56	Winged
HTH_24	48	WP_003875343.1	234	0.000000017	21.1	5	48	23	67	21	67	Winged
HTH_24	48	WP_003875408.1	201	0.0000025	14.1	4	48	2	46	2	46	Winged
HTH_24	48	WP_003875823.1	110	0.000000065	19.6	15	42	16	43	4	49	Winged
HTH_24	48	WP_003875876.1	270	0.0000029	12.7	23	48	51	76	47	76	Winged
HTH_24	48	WP_003876447.1	269	0.000001	13.7	17	38	236	257	235	259	Winged
HTH_26	63	WP_003876878.1	114	0.00000000000000000000057	65.9	1	63	8	76	8	76	Cro/C1-type
HTH_24	48	WP_003877056.1	224	0.00000067	14.7	18	48	175	205	173	205	Winged
HTH_24	48	WP_003877836.1	278	0.0000014	15.1	16	43	26	53	18	58	Winged
HTH_24	48	WP_003878263.1	162	0.0000011	14.7	7	48	45	86	42	86	Winged
HTH_24	48	WP_003878619.1	229	0.000000061	17.7	22	46	29	53	27	54	Winged
