HTH_XRE	56	WP_003872292.1	132	0.00000003	20.9	17	56	35	75	35	75	-
HTH_XRE	56	WP_003872307.1	249	0.00000048	17.1	2	34	149	187	148	195	-
HTH_XRE	56	WP_003872347.1	189	0.0000000000000000000022	63.4	1	56	14	69	14	69	-
HTH_26	63	WP_003872347.1	189	0.00000000000023	37.9	1	60	14	72	14	75	Cro/C1-type
HTH_24	48	WP_003872375.1	193	0.0000023	13.8	17	37	34	54	33	54	Winged
HTH_24	48	WP_003872469.1	148	0.00000000000000000054	55.1	1	48	4	51	4	51	Winged
HTH_24	48	WP_003872548.1	161	0.0000062	13.1	7	47	47	87	43	88	Winged
HTH_XRE	56	WP_003872558.1	140	0.0000016	15.2	10	32	3	25	1	31	-
HTH_XRE	56	WP_003872666.1	178	0.00000000000000000012	57.6	2	54	5	57	4	59	-
HTH_26	63	WP_003872666.1	178	0.00000000058	27.2	2	62	5	64	5	65	Cro/C1-type
HTH_24	48	WP_003873049.1	217	0.0000045	13.3	17	43	170	196	159	197	Winged
HTH_24	48	WP_003873176.1	230	0.000000016	18.1	22	47	39	64	35	65	Winged
HTH_XRE	56	WP_003873388.1	102	0.00000000000013	38.4	1	50	33	83	33	90	-
HTH_26	63	WP_003873388.1	102	0.00000076	17.2	1	46	33	78	33	86	Cro/C1-type
HTH_XRE	56	WP_003873623.1	86	0.00000000000022	37.9	6	53	32	79	27	82	-
HTH_26	63	WP_003873623.1	86	0.0000011	16.8	9	49	35	74	30	78	Cro/C1-type
HTH_XRE	56	WP_003873735.1	138	0.0000000000000000077	52	1	54	25	78	25	80	-
HTH_26	63	WP_003873735.1	138	0.0000027	15.3	10	53	34	76	26	82	Cro/C1-type
HTH_24	48	WP_003874237.1	153	0.0000018	14.8	3	46	40	83	38	84	Winged
HTH_24	48	WP_003874304.1	151	0.000000041	20.2	16	48	54	86	51	86	Winged
HTH_XRE	56	WP_003874323.1	194	0.00000011	19.1	3	30	27	57	13	57	-
HTH_XRE	56	WP_003874331.1	206	0.00000017	18.7	12	37	40	65	19	78	-
HTH_24	48	WP_003874513.1	150	0.000000000000068	38.8	1	48	5	52	5	52	Winged
HTH_XRE	56	WP_003874563.1	210	0.0000004	17.2	10	49	42	81	20	86	-
HTH_24	48	WP_003874589.1	158	0.000001	15.8	24	48	52	76	50	76	Winged
HTH_24	48	WP_003874670.1	222	0.00000095	15.8	11	43	160	190	150	191	Winged
HTH_24	48	WP_003874716.1	225	0.0000000075	21.5	17	48	174	205	172	205	Winged
HTH_XRE	56	WP_003874716.1	225	0.0000038	13	6	29	170	193	168	198	-
HTH_24	48	WP_003874892.1	150	0.000000000022	28.7	5	48	35	78	32	78	Winged
HTH_XRE	56	WP_003875201.1	108	0.00000000000000043	46.3	2	53	13	64	12	66	-
HTH_26	63	WP_003875201.1	108	0.0000059	14.6	3	58	14	68	12	71	Cro/C1-type
HTH_24	48	WP_003875289.1	295	0.0000037	13.3	16	46	25	55	15	56	Winged
HTH_24	48	WP_003875343.1	234	0.000000017	21.1	5	48	23	67	21	67	Winged
HTH_24	48	WP_003875408.1	201	0.0000025	14.1	4	48	2	46	2	46	Winged
HTH_XRE	56	WP_003875484.1	200	0.0000012	16	12	36	32	56	25	80	-
HTH_XRE	56	WP_003875562.1	197	0.0000085	12.5	6	34	34	62	29	69	-
HTH_24	48	WP_003875823.1	110	0.000000065	19.6	15	42	16	43	4	49	Winged
HTH_24	48	WP_003875876.1	270	0.0000029	12.7	23	48	51	76	47	76	Winged
HTH_24	48	WP_003876447.1	269	0.000001	13.7	17	38	236	257	235	259	Winged
HTH_XRE	56	WP_003876447.1	269	0.0000011	15.2	10	31	236	257	213	262	-
HTH_XRE	56	WP_003876450.1	224	0.0000014	15.5	10	35	35	60	17	69	-
HTH_26	63	WP_003876878.1	114	0.00000000000000000000057	65.9	1	63	8	76	8	76	Cro/C1-type
HTH_XRE	56	WP_003876878.1	114	0.0000034	12.8	18	56	31	70	8	70	-
HTH_24	48	WP_003877056.1	224	0.00000067	14.7	18	48	175	205	173	205	Winged
HTH_24	48	WP_003877836.1	278	0.0000014	15.1	16	43	26	53	18	58	Winged
HTH_24	48	WP_003878263.1	162	0.0000011	14.7	7	48	45	86	42	86	Winged
HTH_24	48	WP_003878619.1	229	0.000000061	17.7	22	46	29	53	27	54	Winged
